-1734617011 0
175688823 -16000
-636865994 4000
-459843616 -8300
-1850726433 11700
-1099292919 -600
107301192 19100
2006233842 3400
1648617713 23100
691479579 11100
1162032218 30800
6217988 18800
1817623427 38200
1860500781 22800
-513509588 42200
1960833878 26500
-1717230315 46200
-360101205 30200
1188420492 50200
422961058 37900
-1140253117 57900
1960541913 41600
-217208774 61900
-1357961392 49300
-1614487951 69600
2071256071 57000
1937060072 77000
51227390 61000
-491382113 81000
1442861877 68700
-932691818 88700
1861982124 76400
1200493261 96100
-147520797 80400
1005848098 100100
741990968 92100
2147340279 110600
337713441 99800
1556296834 118300
-1608552660 111500
-1322606933 138000
1238806997 130600
-1447426540 149700
-1399174870 134300
-834255861 153700
292050081 138000
1557199264 157700
-1555905078 141700
-269127799 161700
1193477555 145400
-1761554638 161700
-1575826488 161400
1099648711 181400
-1752740751 164800
-1350016912 181100
386743069 900
-1087635873 4300
-1734617011 0
-1869182240 -16300
-230160034 -8900
2092901831 -12900
1264547894 4000
-2109918284 8300
576315253 -12600
1817766007 -16000
1648617713 23100
-1099292919 -600
-1734617011 0
2006233842 3400
-459843616 -8300
-636865994 4000
691479579 11100
107301192 19100
175688823 -16000
-1850726433 11700
-360101205 30200
2006233842 3400
-513509588 42200
1860500781 22800
1960833878 26500
691479579 11100
107301192 19100
175688823 -16000
-1850726433 11700
-1717230315 46200
1648617713 23100
-1099292919 -600
1817623427 38200
-1734617011 0
-459843616 -8300
422961058 37900
1162032218 30800
1188420492 50200
6217988 18800
-636865994 4000
1960541913 41600
-513509588 42200
1860500781 22800
1960833878 26500
-1140253117 57900
175688823 -16000
1817623427 38200
-1734617011 0
422961058 37900
1162032218 30800
1188420492 50200
6217988 18800
1937060072 77000
-1357961392 49300
-360101205 30200
2006233842 3400
-491382113 81000
691479579 11100
107301192 19100
-1850726433 11700
-1717230315 46200
1648617713 23100
-1099292919 -600
2071256071 57000
51227390 61000
-1614487951 69600
1442861877 68700
-459843616 -8300
-217208774 61900
-636865994 4000
337713441 99800
741990968 92100
1556296834 118300
1960541913 41600
1200493261 96100
-513509588 42200
1860500781 22800
1960833878 26500
-1140253117 57900
2147340279 110600
175688823 -16000
1817623427 38200
-1734617011 0
-147520797 80400
1005848098 100100
422961058 37900
1861982124 76400
1162032218 30800
1188420492 50200
6217988 18800
1937060072 77000
-1357961392 49300
-360101205 30200
2006233842 3400
-491382113 81000
691479579 11100
107301192 19100
-1850726433 11700
-1717230315 46200
1648617713 23100
-1099292919 -600
2071256071 57000
51227390 61000
-1608552660 111500
-1614487951 69600
1442861877 68700
-459843616 -8300
-217208774 61900
-636865994 4000
-932691818 88700
337713441 99800
741990968 92100
-1322606933 138000
1960541913 41600
1238806997 130600
-1555905078 141700
1960833878 26500
2147340279 110600
175688823 -16000
1193477555 145400
422961058 37900
1162032218 30800
1937060072 77000
-360101205 30200
-491382113 81000
691479579 11100
107301192 19100
-1447426540 149700
-1717230315 46200
-1399174870 134300
1648617713 23100
-1608552660 111500
-1614487951 69600
1442861877 68700
-217208774 61900
-636865994 4000
1556296834 118300
1200493261 96100
-513509588 42200
1860500781 22800
292050081 138000
-1140253117 57900
-834255861 153700
1817623427 38200
-1734617011 0
-147520797 80400
1005848098 100100
1861982124 76400
1188420492 50200
6217988 18800
-1357961392 49300
2006233842 3400
-1850726433 11700
1557199264 157700
-1099292919 -600
2071256071 57000
51227390 61000
-459843616 -8300
-269127799 161700
-932691818 88700
-1099292919 -600
-1617600079 19100
-1734617011 0
2006233842 3400
-459843616 -8300
660413127 7400
-636865994 4000
107301192 19100
175688823 -16000
-1850726433 11700
-732714256 45300
-1617600079 19100
2006233842 3400
1366189351 26200
1768913190 46200
-1982138576 18800
107301192 19100
1912365841 42200
175688823 -16000
-1850726433 11700
1130965766 30800
-1099292919 -600
-1734617011 0
-459843616 -8300
-875924707 57900
660413127 7400
-636865994 4000
-1939785284 34200
1087909574 61900
-833047353 41600
1648617713 23100
-1099292919 -600
-1734617011 0
2006233842 3400
-459843616 -8300
-636865994 4000
691479579 11100
107301192 19100
175688823 -16000
-1850726433 11700
-360101205 30200
2006233842 3400
-513509588 42200
1860500781 22800
1960833878 26500
691479579 11100
107301192 19100
175688823 -16000
-1850726433 11700
-1717230315 46200
1648617713 23100
-1099292919 -600
1817623427 38200
-1734617011 0
-459843616 -8300
422961058 37900
1162032218 30800
1188420492 50200
6217988 18800
-636865994 4000
1960541913 41600
-513509588 42200
1860500781 22800
1960833878 26500
-1140253117 57900
175688823 -16000
1817623427 38200
-1734617011 0
422961058 37900
1162032218 30800
1188420492 50200
6217988 18800
1937060072 77000
-1357961392 49300
-360101205 30200
2006233842 3400
-491382113 81000
691479579 11100
107301192 19100
-1850726433 11700
-1717230315 46200
1648617713 23100
-1099292919 -600
2071256071 57000
51227390 61000
-1614487951 69600
1442861877 68700
-459843616 -8300
-217208774 61900
-636865994 4000
337713441 99800
741990968 92100
1556296834 118300
1960541913 41600
1200493261 96100
-513509588 42200
1860500781 22800
1960833878 26500
-1140253117 57900
2147340279 110600
175688823 -16000
1817623427 38200
-1734617011 0
-147520797 80400
1005848098 100100
422961058 37900
1861982124 76400
1162032218 30800
1188420492 50200
6217988 18800
1937060072 77000
-1357961392 49300
-360101205 30200
2006233842 3400
-491382113 81000
691479579 11100
107301192 19100
-1850726433 11700
-1717230315 46200
1648617713 23100
-1099292919 -600
2071256071 57000
51227390 61000
-1608552660 111500
-1614487951 69600
1442861877 68700
-459843616 -8300
-217208774 61900
-636865994 4000
-932691818 88700
337713441 99800
741990968 92100
-1322606933 138000
1960541913 41600
1238806997 130600
-1555905078 141700
1960833878 26500
2147340279 110600
175688823 -16000
1193477555 145400
422961058 37900
1162032218 30800
1937060072 77000
-360101205 30200
-491382113 81000
691479579 11100
107301192 19100
-1447426540 149700
-1717230315 46200
-1399174870 134300
1648617713 23100
-1608552660 111500
-1614487951 69600
1442861877 68700
-217208774 61900
-636865994 4000
1556296834 118300
1200493261 96100
-513509588 42200
1860500781 22800
292050081 138000
-1140253117 57900
-834255861 153700
1817623427 38200
-1734617011 0
-147520797 80400
1005848098 100100
1861982124 76400
1188420492 50200
6217988 18800
-1357961392 49300
2006233842 3400
-1850726433 11700
1557199264 157700
-1099292919 -600
2071256071 57000
51227390 61000
-459843616 -8300
-269127799 161700
-932691818 88700
-1099292919 -600
-1617600079 19100
-1734617011 0
2006233842 3400
-459843616 -8300
660413127 7400
-636865994 4000
107301192 19100
175688823 -16000
-1850726433 11700
575885875 45600
-1617600079 19100
2006233842 3400
-891545260 65300
1723235454 60700
1366189351 26200
1768913190 46200
-1982138576 18800
107301192 19100
1912365841 42200
175688823 -16000
-1850726433 11700
1130965766 30800
-1099292919 -600
-1734617011 0
-459843616 -8300
-875924707 57900
660413127 7400
-636865994 4000
-1939785284 34200
-1844986361 72400
-891545260 65300
1723235454 60700
1366189351 26200
1768913190 46200
-1085454010 92400
175688823 -16000
237404916 84400
-1928733604 76100
-1734617011 0
-875924707 57900
660413127 7400
-1939785284 34200
575885875 45600
-1617600079 19100
817282323 68700
2006233842 3400
-1982138576 18800
1196896637 96400
1158374951 79800
107301192 19100
1912365841 42200
-1850726433 11700
1130965766 30800
-1099292919 -600
-459843616 -8300
-966315811 88400
-636865994 4000
-1002320131 76700
-1583218914 68700
-1844986361 72400
1507972966 116400
-891545260 65300
1723235454 60700
-1959916378 100400
1366189351 26200
1768913190 46200
-1819470201 87200
-1085454010 92400
765388688 106000
175688823 -16000
237404916 84400
-1928733604 76100
-1734617011 0
-875924707 57900
-1494994819 112400
660413127 7400
-1939785284 34200
575885875 45600
213892508 90900
-1617600079 19100
817282323 68700
2006233842 3400
1260497926 108400
-1982138576 18800
1196896637 96400
1158374951 79800
130774695 94600
107301192 19100
1912365841 42200
-1850726433 11700
1130965766 30800
434935773 104400
-1099292919 -600
-459843616 -8300
977545276 83500
-966315811 88400
-636865994 4000
-1002320131 76700
-1583218914 68700
-1844986361 72400
1243560862 122000
1507972966 116400
-891545260 65300
-1959916378 100400
-1819470201 87200
-1085454010 92400
-83537400 138600
765388688 106000
175688823 -16000
-1494994819 112400
660413127 7400
-242334447 135200
213892508 90900
-1617600079 19100
817282323 68700
1260497926 108400
1196896637 96400
1158374951 79800
107301192 19100
434935773 104400
33530311 109700
-966315811 88400
-636865994 4000
-1002320131 76700
-1583218914 68700
1723235454 60700
1366189351 26200
1768913190 46200
237404916 84400
-1928733604 76100
-1734617011 0
-79805848 131500
-875924707 57900
-1939785284 34200
575885875 45600
2006233842 3400
1381544369 127800
-1982138576 18800
-405965913 117700
130774695 94600
1912365841 42200
-1850726433 11700
1130965766 30800
-921162775 133400
-1099292919 -600
-459843616 -8300
977545276 83500
1701657106 113700
-1656709057 142600
-1099292919 -600
-1617600079 19100
-1734617011 0
2006233842 3400
-459843616 -8300
660413127 7400
-636865994 4000
107301192 19100
175688823 -16000
-1850726433 11700
1648617713 23100
-1099292919 -600
-1734617011 0
2006233842 3400
-459843616 -8300
-636865994 4000
691479579 11100
107301192 19100
175688823 -16000
-1850726433 11700
-360101205 30200
2006233842 3400
-513509588 42200
1860500781 22800
1960833878 26500
691479579 11100
107301192 19100
175688823 -16000
-1850726433 11700
-1717230315 46200
1648617713 23100
-1099292919 -600
1817623427 38200
-1734617011 0
-459843616 -8300
422961058 37900
1162032218 30800
1188420492 50200
6217988 18800
-636865994 4000
1960541913 41600
-513509588 42200
1860500781 22800
1960833878 26500
-1140253117 57900
175688823 -16000
1817623427 38200
-1734617011 0
422961058 37900
1162032218 30800
1188420492 50200
6217988 18800
1937060072 77000
-1357961392 49300
-360101205 30200
2006233842 3400
-491382113 81000
691479579 11100
107301192 19100
-1850726433 11700
-1717230315 46200
1648617713 23100
-1099292919 -600
2071256071 57000
51227390 61000
-1614487951 69600
1442861877 68700
-459843616 -8300
-217208774 61900
-636865994 4000
337713441 99800
741990968 92100
1556296834 118300
1960541913 41600
1200493261 96100
-513509588 42200
1860500781 22800
1960833878 26500
-1140253117 57900
2147340279 110600
175688823 -16000
1817623427 38200
-1734617011 0
-147520797 80400
1005848098 100100
422961058 37900
1861982124 76400
1162032218 30800
1188420492 50200
6217988 18800
1937060072 77000
-1357961392 49300
-360101205 30200
2006233842 3400
-491382113 81000
691479579 11100
107301192 19100
-1850726433 11700
-1717230315 46200
1648617713 23100
-1099292919 -600
2071256071 57000
51227390 61000
-1608552660 111500
-1614487951 69600
1442861877 68700
-459843616 -8300
-217208774 61900
-636865994 4000
-932691818 88700
337713441 99800
741990968 92100
-1322606933 138000
1960541913 41600
1238806997 130600
-1555905078 141700
1960833878 26500
2147340279 110600
175688823 -16000
1193477555 145400
422961058 37900
1162032218 30800
1937060072 77000
-360101205 30200
-491382113 81000
691479579 11100
107301192 19100
-1447426540 149700
-1717230315 46200
-1399174870 134300
1648617713 23100
-1608552660 111500
-1614487951 69600
1442861877 68700
-217208774 61900
-636865994 4000
1556296834 118300
1200493261 96100
-513509588 42200
1860500781 22800
292050081 138000
-1140253117 57900
-834255861 153700
1817623427 38200
-1734617011 0
-147520797 80400
1005848098 100100
1861982124 76400
1188420492 50200
6217988 18800
-1357961392 49300
2006233842 3400
-1850726433 11700
1557199264 157700
-1099292919 -600
2071256071 57000
51227390 61000
-459843616 -8300
-269127799 161700
-932691818 88700
1648617713 23100
-1099292919 -600
-1734617011 0
2006233842 3400
-459843616 -8300
-636865994 4000
691479579 11100
107301192 19100
175688823 -16000
-1850726433 11700
-360101205 30200
2006233842 3400
-513509588 42200
1860500781 22800
1960833878 26500
691479579 11100
107301192 19100
175688823 -16000
-1850726433 11700
-1717230315 46200
1648617713 23100
-1099292919 -600
1817623427 38200
-1734617011 0
-459843616 -8300
422961058 37900
1162032218 30800
1188420492 50200
6217988 18800
-636865994 4000
1960541913 41600
-513509588 42200
1860500781 22800
1960833878 26500
-1140253117 57900
175688823 -16000
1817623427 38200
-1734617011 0
422961058 37900
1162032218 30800
1188420492 50200
6217988 18800
1937060072 77000
-1357961392 49300
-360101205 30200
2006233842 3400
-491382113 81000
691479579 11100
107301192 19100
-1850726433 11700
-1717230315 46200
1648617713 23100
-1099292919 -600
2071256071 57000
51227390 61000
-1614487951 69600
1442861877 68700
-459843616 -8300
-217208774 61900
-636865994 4000
337713441 99800
741990968 92100
1556296834 118300
1960541913 41600
1200493261 96100
-513509588 42200
1860500781 22800
1960833878 26500
-1140253117 57900
2147340279 110600
175688823 -16000
1817623427 38200
-1734617011 0
-147520797 80400
1005848098 100100
422961058 37900
1861982124 76400
1162032218 30800
1188420492 50200
6217988 18800
1937060072 77000
-1357961392 49300
-360101205 30200
2006233842 3400
-491382113 81000
691479579 11100
107301192 19100
-1850726433 11700
-1717230315 46200
1648617713 23100
-1099292919 -600
2071256071 57000
51227390 61000
-1608552660 111500
-1614487951 69600
1442861877 68700
-459843616 -8300
-217208774 61900
-636865994 4000
-932691818 88700
337713441 99800
741990968 92100
-1322606933 138000
1960541913 41600
1238806997 130600
-1555905078 141700
1960833878 26500
2147340279 110600
175688823 -16000
1193477555 145400
422961058 37900
1162032218 30800
1937060072 77000
-360101205 30200
-491382113 81000
691479579 11100
107301192 19100
-1447426540 149700
-1717230315 46200
-1399174870 134300
1648617713 23100
-1608552660 111500
-1614487951 69600
1442861877 68700
-217208774 61900
-636865994 4000
1556296834 118300
1200493261 96100
-513509588 42200
1860500781 22800
292050081 138000
-1140253117 57900
-834255861 153700
1817623427 38200
-1734617011 0
-147520797 80400
1005848098 100100
1861982124 76400
1188420492 50200
6217988 18800
-1357961392 49300
2006233842 3400
-1850726433 11700
1557199264 157700
-1099292919 -600
2071256071 57000
51227390 61000
-459843616 -8300
-269127799 161700
-932691818 88700
1648617713 23100
-1099292919 -600
-1734617011 0
2006233842 3400
-459843616 -8300
-636865994 4000
691479579 11100
107301192 19100
175688823 -16000
-1850726433 11700
-360101205 30200
2006233842 3400
-513509588 42200
1860500781 22800
1960833878 26500
691479579 11100
107301192 19100
175688823 -16000
-1850726433 11700
-1717230315 46200
1648617713 23100
-1099292919 -600
1817623427 38200
-1734617011 0
-459843616 -8300
422961058 37900
1162032218 30800
1188420492 50200
6217988 18800
-636865994 4000
1960541913 41600
-513509588 42200
1860500781 22800
1960833878 26500
-1140253117 57900
175688823 -16000
1817623427 38200
-1734617011 0
422961058 37900
1162032218 30800
1188420492 50200
6217988 18800
1937060072 77000
-1357961392 49300
-360101205 30200
2006233842 3400
-491382113 81000
691479579 11100
107301192 19100
-1850726433 11700
-1717230315 46200
1648617713 23100
-1099292919 -600
2071256071 57000
51227390 61000
-1614487951 69600
1442861877 68700
-459843616 -8300
-217208774 61900
-636865994 4000
337713441 99800
741990968 92100
1556296834 118300
1960541913 41600
1200493261 96100
-513509588 42200
1860500781 22800
1960833878 26500
-1140253117 57900
2147340279 110600
175688823 -16000
1817623427 38200
-1734617011 0
-147520797 80400
1005848098 100100
422961058 37900
1861982124 76400
1162032218 30800
1188420492 50200
6217988 18800
1937060072 77000
-1357961392 49300
-360101205 30200
2006233842 3400
-491382113 81000
691479579 11100
107301192 19100
-1850726433 11700
-1717230315 46200
1648617713 23100
-1099292919 -600
2071256071 57000
51227390 61000
-1608552660 111500
-1614487951 69600
1442861877 68700
-459843616 -8300
-217208774 61900
-636865994 4000
-932691818 88700
337713441 99800
741990968 92100
-1322606933 138000
1960541913 41600
1238806997 130600
-1555905078 141700
1960833878 26500
2147340279 110600
175688823 -16000
1193477555 145400
422961058 37900
1162032218 30800
1937060072 77000
-360101205 30200
-491382113 81000
691479579 11100
107301192 19100
-1447426540 149700
-1717230315 46200
-1399174870 134300
1648617713 23100
-1608552660 111500
-1614487951 69600
1442861877 68700
-217208774 61900
-636865994 4000
1556296834 118300
1200493261 96100
-513509588 42200
1860500781 22800
292050081 138000
-1140253117 57900
-834255861 153700
1817623427 38200
-1734617011 0
-147520797 80400
1005848098 100100
1861982124 76400
1188420492 50200
6217988 18800
-1357961392 49300
2006233842 3400
-1850726433 11700
1557199264 157700
-1099292919 -600
2071256071 57000
51227390 61000
-459843616 -8300
-269127799 161700
-932691818 88700
337713441 99800
-1844986361 72400
741990968 92100
1960541913 41600
1238806997 130600
2147340279 110600
-1819470201 87200
-1085454010 92400
-83537400 138600
765388688 106000
175688823 -16000
386743069 900
-230160034 -8900
1162032218 30800
1087909574 61900
-360101205 30200
213892508 90900
-1617600079 19100
1260497926 108400
-491382113 81000
1196896637 96400
691479579 11100
576315253 -12600
1158374951 79800
107301192 19100
1817766007 -16000
434935773 104400
-1761554638 161700
-1608552660 111500
1442861877 68700
-217208774 61900
33530311 109700
-636865994 4000
1556296834 118300
1200493261 96100
-513509588 42200
1366189351 26200
1768913190 46200
-1140253117 57900
1099648711 181400
-834255861 153700
-1928733604 76100
-79805848 131500
1861982124 76400
1188420492 50200
6217988 18800
-1357961392 49300
575885875 45600
1267773938 7400
2006233842 3400
1264547894 4000
-405965913 117700
130774695 94600
-1850726433 11700
1130965766 30800
1557199264 157700
-1099292919 -600
2071256071 57000
-1087635873 4300
-1869182240 -16300
-459843616 -8300
2092901831 -12900
977545276 83500
-269127799 161700
1701657106 113700
-1656709057 142600
-1322606933 138000
1243560862 122000
1507972966 116400
-1555905078 141700
-891545260 65300
-1959916378 100400
1960833878 26500
-2109918284 8300
1193477555 145400
422961058 37900
-1494994819 112400
660413127 7400
1937060072 77000
-833047353 41600
-242334447 135200
-732714256 45300
817282323 68700
-1447426540 149700
-1717230315 46200
-1399174870 134300
1648617713 23100
-1614487951 69600
-966315811 88400
-1002320131 76700
-1583218914 68700
1723235454 60700
1860500781 22800
292050081 138000
237404916 84400
1817623427 38200
-1734617011 0
-147520797 80400
1005848098 100100
-875924707 57900
-1575826488 161400
-1939785284 34200
1381544369 127800
-1982138576 18800
1912365841 42200
-921162775 133400
51227390 61000
-1752740751 164800
-1350016912 181100
-932691818 88700
