1583914998 0
-1072438644 -3
2007529483 -1
-1682740575 -3
-901194208 -2
1935951670 0
-288349225 -4
-1065957375 4
-306425024 -8
-1043670166 9
1688082955 -13
629146165 16
-1721694122 -8
1523234944 14
87335359 -11
1868798313 19
1755462154 -14
1038943392 26
1173834719 -17
514914697 31
1448252808 -12
-1538165730 33
-251388451 -14
-577281529 33
-1304172952 -9
-1304172910 35
-1578632013 1
-396769059 30
1292236030 4
-178266732 29
-1849688237 6
1490779261 26
-1395888034 6
790078964 27
1613098581 4
-948785665 31
-575353474 5
727478420 30
899046837 3
811575115 30
-1684590292 1
-1010676798 30
-688248285 2
-169972348 0
-333603814 -4
1737062587 -1
-647598875 -3
-760935034 -2
1870588974 -3
-353711921 -1
1310239205 -3
1196903046 -2
454318768 3
1794872081 1
-620336965 2
-692053254 -1
1793287204 0
-1742147741 -2
-580910579 2
-2016810164 -3
-1606446602 5
-1332063657 -1
-1941286931 2
644793038 1
